[gd_scene load_steps=26 format=3 uid="uid://dbqqdupnvapvi"]

[ext_resource type="PackedScene" uid="uid://d4ek7o4r32c2" path="res://Scenes/player.tscn" id="1_3xj3b"]
[ext_resource type="Script" path="res://Scripts/blind_before_load.gd" id="1_kr675"]
[ext_resource type="PackedScene" uid="uid://b6wbrumtuyc26" path="res://Scenes/ambient_buzz.tscn" id="1_yonry"]
[ext_resource type="PackedScene" uid="uid://c1kbkxe0dic6f" path="res://Assets/Blockout.glb" id="2_dmqej"]
[ext_resource type="PackedScene" uid="uid://ddri64sk3ke7j" path="res://Scenes/monitor.tscn" id="3_qc2cn"]
[ext_resource type="Script" path="res://Scripts/gameplay.gd" id="4_y6it0"]
[ext_resource type="PackedScene" uid="uid://34j6e0axy8ra" path="res://Assets/Holder.glb" id="5_p7uno"]
[ext_resource type="Resource" uid="uid://bw1qdx02yck3g" path="res://Resources/Bobing.tres" id="5_u8gkb"]
[ext_resource type="Resource" uid="uid://cyvwdqhclpvi5" path="res://Resources/ActualChina.tres" id="6_5oa5g"]
[ext_resource type="PackedScene" uid="uid://d2cjy2u4jgo1k" path="res://Assets/Stool.glb" id="6_majp8"]
[ext_resource type="Resource" uid="uid://b1w58ghsd8bda" path="res://Resources/Infra.tres" id="7_474sp"]
[ext_resource type="Resource" uid="uid://b4mxltjbcyacj" path="res://Resources/SawBladez.tres" id="8_aas88"]
[ext_resource type="PackedScene" uid="uid://ddxkg4pu8ct6s" path="res://Assets/Pipe00.glb" id="8_f0jjb"]
[ext_resource type="PackedScene" uid="uid://c5ahu0q71t825" path="res://Assets/Pipe01.glb" id="9_42xta"]
[ext_resource type="Resource" uid="uid://5awjv0rwuusw" path="res://Resources/Shlamantese.tres" id="9_m5au0"]
[ext_resource type="Resource" uid="uid://bdadi8yidmb6j" path="res://Resources/Blood.tres" id="10_6m4jd"]
[ext_resource type="AudioStream" uid="uid://c466msj6cyb6u" path="res://Audio/Misc/Bubble.ogg" id="12_mki24"]
[ext_resource type="AudioStream" uid="uid://8lger7tx0xwq" path="res://Audio/Misc/BubblePop.ogg" id="13_j12a6"]
[ext_resource type="PackedScene" uid="uid://bt8c1fpurativ" path="res://Scenes/Bubble.tscn" id="14_2wil5"]
[ext_resource type="PackedScene" uid="uid://cdvpbpne0cblk" path="res://Scenes/clock.tscn" id="16_7cqld"]
[ext_resource type="PackedScene" uid="uid://ct5nu8mrdot8g" path="res://Scenes/money_counter.tscn" id="20_84g2k"]
[ext_resource type="PackedScene" uid="uid://byfq07x25vwu1" path="res://Scenes/ambient_sound.tscn" id="21_74oln"]

[sub_resource type="Gradient" id="Gradient_w4xwo"]
colors = PackedColorArray(0.00077429, 0.0137135, 0.021352, 1, 0.695969, 0.97672, 0.738921, 1)

[sub_resource type="GradientTexture2D" id="GradientTexture2D_uxmfw"]
gradient = SubResource("Gradient_w4xwo")
fill_from = Vector2(0.0555556, 0.186869)
fill_to = Vector2(0.767677, 0)

[sub_resource type="Environment" id="Environment_j4f23"]
background_mode = 1
tonemap_mode = 1
tonemap_exposure = 0.49
glow_intensity = 1.22
glow_strength = 0.92
volumetric_fog_density = 0.2606
volumetric_fog_length = 161.01
volumetric_fog_detail_spread = 1.46409
adjustment_enabled = true
adjustment_brightness = 0.92
adjustment_contrast = 1.09
adjustment_saturation = 1.09
adjustment_color_correction = SubResource("GradientTexture2D_uxmfw")

[node name="World3D" type="Node3D"]

[node name="AmbientBuzz" parent="." instance=ExtResource("1_yonry")]
transform = Transform3D(1, 0, 0, 0, 1, 0, 0, 0, 1, 4.76006, 4.26981, 0)

[node name="BlindBeforeLoad" type="Control" parent="."]
layout_mode = 3
anchors_preset = 15
anchor_right = 1.0
anchor_bottom = 1.0
grow_horizontal = 2
grow_vertical = 2
script = ExtResource("1_kr675")

[node name="ColorRect" type="ColorRect" parent="BlindBeforeLoad"]
layout_mode = 1
anchors_preset = 15
anchor_right = 1.0
anchor_bottom = 1.0
grow_horizontal = 2
grow_vertical = 2
color = Color(0, 0, 0, 1)

[node name="Blockout" parent="." instance=ExtResource("2_dmqej")]
visible = false

[node name="WorldEnvironment" type="WorldEnvironment" parent="."]
environment = SubResource("Environment_j4f23")

[node name="OmniLight3D4" type="OmniLight3D" parent="WorldEnvironment"]
transform = Transform3D(1, 0, 0, 0, 1, 0, 0, 0, 1, -3.57384, 3.98603, 0)
light_color = Color(0.210784, 0.265973, 0.157914, 1)
light_energy = 2.132
light_specular = 0.485
shadow_enabled = true
shadow_bias = 0.005
omni_range = 4.7376

[node name="OmniLight3D5" type="OmniLight3D" parent="WorldEnvironment"]
transform = Transform3D(1, 0, 0, 0, 1, 0, 0, 0, 1, 2.13695, -2.34433, 0)
light_color = Color(0.805976, 0.337253, 0.390133, 1)
light_energy = 30.0
light_size = 1.0
light_specular = 0.0
omni_range = 5.71116

[node name="OmniLight3D6" type="OmniLight3D" parent="WorldEnvironment"]
transform = Transform3D(1, 0, 0, 0, 1, 0, 0, 0, 1, 0.944844, 4.05408, 0)
light_color = Color(0.209546, 0.573684, 0.600443, 1)
light_energy = 5.0
light_size = 1.0
light_specular = 0.0
omni_range = 5.71116

[node name="Monitor" parent="." instance=ExtResource("3_qc2cn")]
transform = Transform3D(1, 0, 0, 0, 1, 0, 0, 0, 1, 5.525, 3.222, 0)

[node name="Monitor2" parent="." instance=ExtResource("3_qc2cn")]
transform = Transform3D(0.820511, -0.57163, 0, 0.57163, 0.820511, 0, 0, 0, 1, 4.79538, 5.23609, 0)

[node name="Monitor3" parent="." instance=ExtResource("3_qc2cn")]
transform = Transform3D(0.842791, 0, -0.538241, 0, 1, 0, 0.538241, 0, 0.842791, 4.61184, 3.222, 2.7073)

[node name="Monitor4" parent="." instance=ExtResource("3_qc2cn")]
transform = Transform3D(0.691519, -0.481765, -0.538242, 0.57163, 0.820511, -4.4994e-08, 0.441633, -0.307675, 0.842791, 3.99692, 5.23609, 2.31459)

[node name="Monitor5" parent="." instance=ExtResource("3_qc2cn")]
transform = Transform3D(0.719109, 0, 0.694897, 0, 1, 0, -0.694897, 0, 0.719109, 4.3287, 3.222, -2.85177)

[node name="Monitor6" parent="." instance=ExtResource("3_qc2cn")]
transform = Transform3D(0.590037, -0.411065, 0.694897, 0.57163, 0.820511, -6.75542e-08, -0.570171, 0.397224, 0.71911, 3.80402, 5.23609, -2.34476)

[node name="Gameplay" type="Node" parent="." node_paths=PackedStringArray("bubble")]
script = ExtResource("4_y6it0")
capital = 10000
stock_configuration = {
"Actual China": {
"Monitor": NodePath("../Monitor2"),
"Stock": ExtResource("6_5oa5g")
},
"Big Pharma": {
"Monitor": NodePath("../Monitor6"),
"Stock": ExtResource("10_6m4jd")
},
"Bobing": {
"Monitor": NodePath("../Monitor"),
"Stock": ExtResource("5_u8gkb")
},
"Detcla": {
"Monitor": NodePath("../Monitor4"),
"Stock": ExtResource("8_aas88")
},
"Infra": {
"Monitor": NodePath("../Monitor3"),
"Stock": ExtResource("7_474sp")
},
"Shlamantese": {
"Monitor": NodePath("../Monitor5"),
"Stock": ExtResource("9_m5au0")
}
}
bubble = NodePath("../Bubble2")
bubble_growth_sound = ExtResource("12_mki24")
bubble_pop_sound = ExtResource("13_j12a6")

[node name="Player" parent="." instance=ExtResource("1_3xj3b")]
transform = Transform3D(0.186764, 0, -0.982405, 0, 1, 0, 0.982405, 0, 0.186764, 2.41919, 2.91376, 0)

[node name="Holder2" parent="." instance=ExtResource("5_p7uno")]
transform = Transform3D(1, 0, 0, 0, 1, 0, 0, 0, 1, 0, 0.946296, 0)

[node name="Stool2" parent="." instance=ExtResource("6_majp8")]
transform = Transform3D(1, 0, 0, 0, 1, 0, 0, 0, 1, 1.81729, 0.977832, 0)

[node name="Bubble2" parent="." instance=ExtResource("14_2wil5")]
transform = Transform3D(1, 0, 0, 0, 1, 0, 0, 0, 1, 0, 1.93837, 0)

[node name="SpotLight3D" type="SpotLight3D" parent="."]
transform = Transform3D(0.914861, 1.76493e-08, -0.403769, 0.403769, -3.99898e-08, 0.914861, 0, -1, -4.37114e-08, 0.572226, 5.88034, 0)
light_color = Color(0.0509804, 0.337255, 0.372549, 1)
light_energy = 5.364
light_volumetric_fog_energy = 0.0
light_specular = 2.439
spot_range = 9.26549
spot_angle = 57.1541

[node name="SpotLight3D2" type="SpotLight3D" parent="."]
transform = Transform3D(0.80764, -0.160424, -0.567434, 0.569294, 0.462937, 0.679407, 0.153693, -0.871753, 0.465215, 0.194099, 6.33851, 1.8933)
light_color = Color(0.0509804, 0.337255, 0.372549, 1)
light_energy = 5.364
light_volumetric_fog_energy = 0.0
light_specular = 2.439
spot_range = 9.6345
spot_angle = 71.6652

[node name="BG" type="Node3D" parent="."]

[node name="Pipe002" parent="BG" instance=ExtResource("8_f0jjb")]
transform = Transform3D(-0.974691, 0, -0.223556, 0, 1, 0, 0.223556, 0, -0.974691, 3.75463, 0, 4.75649)

[node name="Pipe003" parent="BG" instance=ExtResource("8_f0jjb")]
transform = Transform3D(-0.603709, 0, 0.797205, 0, 1, 0, -0.797205, 0, -0.603709, -0.884614, 4.22622, 1.76793)

[node name="Pipe012" parent="BG" instance=ExtResource("9_42xta")]
transform = Transform3D(0.992732, 0, -0.120345, 0, 1, 0, 0.120345, 0, 0.992732, 2.29707, 0, -3.98383)

[node name="Pipe018" parent="BG" instance=ExtResource("9_42xta")]
transform = Transform3D(1.86294, 0, -0.162396, 0, 1.87, 0, 0.162396, 0, 1.86294, 0.304299, -23.7744, -2.4174)

[node name="Pipe015" parent="BG" instance=ExtResource("9_42xta")]
transform = Transform3D(-0.397228, 0, -0.91772, 0, 1, 0, 0.91772, 0, -0.397228, 1.24226, -5.19265, -1.03044)

[node name="Pipe013" parent="BG" instance=ExtResource("9_42xta")]
transform = Transform3D(0.705266, 0, -0.708943, 0, 1, 0, 0.708943, 0, 0.705266, 4.40678, 4.42916, -3.43493)

[node name="Pipe014" parent="BG" instance=ExtResource("9_42xta")]
transform = Transform3D(0.705266, 0, -0.708943, 0, 1, 0, 0.708943, 0, 0.705266, 4.38937, 4.42916, 3.70925)

[node name="Pipe004" parent="BG" instance=ExtResource("8_f0jjb")]
transform = Transform3D(-0.0374635, 0, 0.999298, 0, 1, 0, -0.999298, 0, -0.0374635, 0.669342, 0, 2.64519)

[node name="Pipe016" parent="BG" instance=ExtResource("9_42xta")]
transform = Transform3D(-0.828256, 0, -0.56035, 0, 1, 0, 0.56035, 0, -0.828256, 1.5795, 4.42916, 3.46446)

[node name="Pipe005" parent="BG" instance=ExtResource("8_f0jjb")]
transform = Transform3D(0.998291, 0, -0.0584352, 0, 1, 0, 0.0584352, 0, 0.998291, -1.38586, 0, -0.966799)

[node name="Pipe017" parent="BG" instance=ExtResource("9_42xta")]
transform = Transform3D(-0.478431, 0, 0.878125, 0, 1, 0, -0.878125, 0, -0.478431, -2.28855, 4.42916, -0.139307)

[node name="Clock2" parent="." instance=ExtResource("16_7cqld")]
transform = Transform3D(0.87998, 0.204049, 0.428951, -0.225886, 0.974154, -1.40478e-10, -0.417864, -0.0968941, 0.903328, 4.54143, 1.75716, -1.4917)

[node name="MoneyCounter" parent="." instance=ExtResource("20_84g2k")]
transform = Transform3D(0.880462, 0.319313, -0.350464, -0.34405, 0.938909, -0.00889366, 0.326214, 0.128408, 0.936534, 4.56883, 1.80145, 0.799381)

[node name="AmbientSounds" type="Node3D" parent="."]

[node name="AmbientSound" parent="AmbientSounds" instance=ExtResource("21_74oln")]
transform = Transform3D(1, 0, 0, 0, 1, 0, 0, 0, 1, -1.87174, 2.84615, -4.23558)

[node name="AmbientSound2" parent="AmbientSounds" instance=ExtResource("21_74oln")]
transform = Transform3D(1, 0, 0, 0, 1, 0, 0, 0, 1, 3.58887, 2.84615, 6.43444)

[node name="AmbientSound3" parent="AmbientSounds" instance=ExtResource("21_74oln")]
transform = Transform3D(1, 0, 0, 0, 1, 0, 0, 0, 1, -4.45841, 2.84615, 0.448067)

[node name="AmbientSound4" parent="AmbientSounds" instance=ExtResource("21_74oln")]
transform = Transform3D(1, 0, 0, 0, 1, 0, 0, 0, 1, 7.07576, 2.84615, 3.47466)

[node name="AmbientSound5" parent="AmbientSounds" instance=ExtResource("21_74oln")]
transform = Transform3D(1, 0, 0, 0, 1, 0, 0, 0, 1, 5.52328, 2.84615, -4.11229)

[node name="AmbientSound6" parent="AmbientSounds" instance=ExtResource("21_74oln")]
transform = Transform3D(1, 0, 0, 0, 1, 0, 0, 0, 1, -1.99274, 2.84615, 4.94669)
