[gd_scene load_steps=12 format=3 uid="uid://dbqqdupnvapvi"]

[ext_resource type="PackedScene" uid="uid://d4ek7o4r32c2" path="res://Scenes/player.tscn" id="1_3xj3b"]
[ext_resource type="PackedScene" uid="uid://c1kbkxe0dic6f" path="res://Assets/Blockout.glb" id="2_dmqej"]
[ext_resource type="PackedScene" uid="uid://ddri64sk3ke7j" path="res://Scenes/monitor.tscn" id="3_qc2cn"]
[ext_resource type="Script" path="res://Scripts/gameplay.gd" id="4_y6it0"]
[ext_resource type="PackedScene" uid="uid://34j6e0axy8ra" path="res://Assets/Holder.glb" id="5_p7uno"]
[ext_resource type="Resource" uid="uid://bw1qdx02yck3g" path="res://Resources/Bobing.tres" id="5_u8gkb"]
[ext_resource type="PackedScene" uid="uid://d2cjy2u4jgo1k" path="res://Assets/Stool.glb" id="6_majp8"]
[ext_resource type="PackedScene" uid="uid://calth4cl3mwxl" path="res://Assets/Bubble.glb" id="7_8e5xf"]

[sub_resource type="Gradient" id="Gradient_w4xwo"]
colors = PackedColorArray(0.00077429, 0.0137135, 0.021352, 1, 0.695969, 0.97672, 0.738921, 1)

[sub_resource type="GradientTexture2D" id="GradientTexture2D_uxmfw"]
gradient = SubResource("Gradient_w4xwo")
fill_from = Vector2(0.0555556, 0.186869)
fill_to = Vector2(0.767677, 0)

[sub_resource type="Environment" id="Environment_j4f23"]
background_mode = 1
tonemap_mode = 1
tonemap_exposure = 0.49
glow_intensity = 1.22
glow_strength = 0.92
volumetric_fog_density = 0.2606
volumetric_fog_length = 161.01
volumetric_fog_detail_spread = 1.46409
adjustment_enabled = true
adjustment_brightness = 0.92
adjustment_contrast = 1.09
adjustment_saturation = 1.09
adjustment_color_correction = SubResource("GradientTexture2D_uxmfw")

[node name="World3D" type="Node3D"]

[node name="Player" parent="." instance=ExtResource("1_3xj3b")]
transform = Transform3D(1, 0, 0, 0, 1, 0, 0, 0, 1, 2.41919, 2.91376, 0)

[node name="Blockout" parent="." instance=ExtResource("2_dmqej")]
visible = false

[node name="WorldEnvironment" type="WorldEnvironment" parent="."]
environment = SubResource("Environment_j4f23")

[node name="OmniLight3D4" type="OmniLight3D" parent="WorldEnvironment"]
transform = Transform3D(1, 0, 0, 0, 1, 0, 0, 0, 1, -3.57384, 3.98603, 0)
light_color = Color(0.210784, 0.265973, 0.157914, 1)
light_energy = 2.132
light_specular = 0.485
shadow_enabled = true
shadow_bias = 0.005
omni_range = 4.7376

[node name="OmniLight3D5" type="OmniLight3D" parent="WorldEnvironment"]
transform = Transform3D(1, 0, 0, 0, 1, 0, 0, 0, 1, 5.39253, -2.34433, 0)
light_color = Color(0.805976, 0.337253, 0.390133, 1)
light_energy = 30.0
light_size = 1.0
light_specular = 0.0
omni_range = 5.71116

[node name="OmniLight3D6" type="OmniLight3D" parent="WorldEnvironment"]
transform = Transform3D(1, 0, 0, 0, 1, 0, 0, 0, 1, 0.944844, 4.05408, 0)
light_color = Color(0.209546, 0.573684, 0.600443, 1)
light_energy = 5.0
light_size = 1.0
light_specular = 0.0
omni_range = 5.71116

[node name="OmniLight3D7" type="OmniLight3D" parent="WorldEnvironment"]
transform = Transform3D(1, 0, 0, 0, 1, 0, 0, 0, 1, 5.3033, 6.68717, 0)
light_color = Color(0.491128, 0.522, 0.510571, 1)
light_energy = 16.0
light_size = 1.0
light_specular = 0.0
omni_range = 5.71116

[node name="Monitor" parent="." instance=ExtResource("3_qc2cn")]
transform = Transform3D(1, 0, 0, 0, 1, 0, 0, 0, 1, 5.525, 3.222, 0)

[node name="Monitor2" parent="." instance=ExtResource("3_qc2cn")]
transform = Transform3D(0.820511, -0.57163, 0, 0.57163, 0.820511, 0, 0, 0, 1, 4.79538, 5.23609, 0)

[node name="Monitor3" parent="." instance=ExtResource("3_qc2cn")]
transform = Transform3D(0.842791, 0, -0.538241, 0, 1, 0, 0.538241, 0, 0.842791, 4.61184, 3.222, 2.7073)

[node name="Monitor4" parent="." instance=ExtResource("3_qc2cn")]
transform = Transform3D(0.691519, -0.481765, -0.538242, 0.57163, 0.820511, -4.4994e-08, 0.441633, -0.307675, 0.842791, 3.99692, 5.23609, 2.31459)

[node name="Monitor5" parent="." instance=ExtResource("3_qc2cn")]
transform = Transform3D(0.719109, 0, 0.694897, 0, 1, 0, -0.694897, 0, 0.719109, 4.3287, 3.222, -2.85177)

[node name="Monitor6" parent="." instance=ExtResource("3_qc2cn")]
transform = Transform3D(0.590037, -0.411065, 0.694897, 0.57163, 0.820511, -6.75542e-08, -0.570171, 0.397224, 0.71911, 3.80402, 5.23609, -2.34476)

[node name="Gameplay" type="Node" parent="."]
script = ExtResource("4_y6it0")
stock_configuration = {
"Bobing": {
"Monitor": NodePath("../Monitor"),
"Stock": ExtResource("5_u8gkb")
}
}

[node name="Holder2" parent="." instance=ExtResource("5_p7uno")]
transform = Transform3D(1, 0, 0, 0, 1, 0, 0, 0, 1, 0, 0.946296, 0)

[node name="Stool2" parent="." instance=ExtResource("6_majp8")]
transform = Transform3D(1, 0, 0, 0, 1, 0, 0, 0, 1, 1.81729, 0.977832, 0)

[node name="Bubble2" parent="." instance=ExtResource("7_8e5xf")]
transform = Transform3D(0.5, 0, 0, 0, 0.5, 0, 0, 0, 0.5, 0, 1.87969, 0)

[node name="SpotLight3D" type="SpotLight3D" parent="."]
transform = Transform3D(0.914861, 1.76493e-08, -0.403769, 0.403769, -3.99898e-08, 0.914861, 0, -1, -4.37114e-08, 0.572226, 5.88034, 0)
light_color = Color(0.0509804, 0.337255, 0.372549, 1)
light_energy = 5.364
light_volumetric_fog_energy = 0.0
light_specular = 2.439
spot_range = 9.26549
spot_angle = 57.1541

[node name="SpotLight3D2" type="SpotLight3D" parent="."]
transform = Transform3D(0.80764, -0.160424, -0.567434, 0.569294, 0.462937, 0.679407, 0.153693, -0.871753, 0.465215, -0.417594, 5.88034, 2.28348)
light_color = Color(0.0509804, 0.337255, 0.372549, 1)
light_energy = 5.364
light_volumetric_fog_energy = 0.0
light_specular = 2.439
spot_range = 9.6345
spot_angle = 71.6652
